12
a;a;296.00;5.00;1;51;31;3;3;15;24;3;0;70;3;0;133;3;0;45;3;0;96;3;0;0;2;52;23;53;23;12;12;0;-1;0
jon;z;0.00;0.00;0;0
g;d;8.50;0.00;1;50;18;3;3;15;56;18;0;55;18;0;25;18;0;17;18;0;93;18;0;0;0;0;0;0;-1;0
juanito;oyar;0.00;0.00;0;0
t;r;0.00;0.00;0;0
w;q;0.00;0.00;0;0
k;a;0.00;0.00;0;0
p;o;0.00;0.00;0;0
u;u;66.50;1.00;1;50;18;3;3;15;53;10;0;65;10;0;23;10;0;28;10;0;14;10;0;0;0;1;1;0;-1;1;54;15;3;3;52;19;0;0;1;31;3;9;-1
d;e;0.00;0.00;0;0
ima;agirretxe;11.00;1.00;1;50;18;3;3;15;33;11;0;56;11;0;55;11;0;25;11;0;17;11;0;0;0;1;1;0;-1;1;50;15;3;3;47;4;0;0;1;91;15;0;-1
ola;ola;0.00;1.00;0;1;50;15;3;3;47;17;0;0;1;46;6;0;-1
